metano
18.0595864543429
25.2287270359059
31.4836019769871
23.9157039664798
31.1295108524485
23.3833527425298
18.5397559230506
20.9841750367276
28.4457793520924
30.3967801449601
20.6599222366012
19.7615791750692
27.5307897202589
15.0009785136301
30.827682387727
24.3138495304956
25.8166722823747
18.5915286622273
17.6089730461222
18.5024546850683
20.0771267730305
16.454158229346
23.7203022862241
26.0614153307971
26.4900650632055
24.4007460715098
16.6761527679833
26.9137343612737
28.6189803985965
29.3413144616537
22.501171359763
21.2188677950287
18.0933965843426
20.313584983363
15.9945417644342
24.8171901752645
17.9025996517151
29.4530979705055
21.1967115686019
22.2602470051892
24.3502762984759
36.3553600507307
24.7963100654696
22.6856568694469
27.1395249950111
