CH4
0.87
3.50
7.80
14.10
15.80
8.60
5.83
4.50
10.60
4.29
41.40
22.70
3.89
2.43
11.20
1.34
1.74
41.70
8.86
13.70
10.40
2.39
2.48
2.50
5.90
41.20
23.90
19.90
23.30
31.60
60.10
80.90
25.80
41.30
37.90
31.40
26.70
53.60
55.80
14.90
27.00
40.70
27.80
66.80
11.40
11.20
35.10
23.00
29.20
38.20
14.70
15.10
11.30
23.90
32.90
32.60
15.50
24.60
35.60
6.07
18.80
10.20
14.60
35.10
33.80
36.00
28.60
24.80
52.00
1.60
4.62
7.07
9.08
10.90
2.53
34.50
4.60
15.20
13.30
39.90
31.20
7.12
9.30
13.50
60.80
51.70
9.50
59.90
29.00
21.70
24.00
51.10
32.50
22.90
2.84
1.45
1.46
20.50
6.51
7.45
3.49
7.82
5.04
3.38
5.94
4.48
6.49
5.55
4.35
5.27
2.62
18.30
20.50
1.70
3.90
10.20
63.50
15.80
24.80
9.10
10.70
4.35
9.32
7.70
22.30
1.90
0.63
5.42
6.40
15.30
12.50
8.18
10.30
39.80
10.90
15.20
200.50
9.15
4.50
12.50
10.50
19.70
48.80
37.40
38.70
8.83
4.44
0.99
2.40
11.10
3.30
3.23
2.24
4.17
0.20
0.93
27.30
5.60
4.83
12.50
17.20
4.10
22.60
14.40
26.20
23.70
63.20
53.80
39.30
80.00
14.80
20.90
12.10
19.20
9.58
6.19
28.80
51.00
19.50
11.10
30.00
16.50
49.60
68.20
60.30
68.60
118.00
53.30
74.60
100.20
35.30
187.00
63.50
65.10
76.00
45.20
79.90
97.70
41.80
23.80
86.90
9.89
5.36
22.90
12.60
11.30
9.81
20.40
10.50
0.24
1.00
7.33
24.40
12.30
13.90
26.10
12.50
26.00
25.30
51.00
40.20
57.40
96.60
65.70
65.80
100.90
69.70
108.50
34.10
67.50
57.90
96.80
86.90
86.90
38.80
64.60
31.90
3.50
9.56
44.90
13.50
6.50
20.00
11.30
15.70
32.40
78.00
31.50
98.00
35.80
32.50
32.90
31.60
18.50
21.40
38.00
69.90
45.80
34.90
18.10
6.30
1.80
15.50
5.88
1.50
4.20
6.03
2.84
11.50
34.40
14.30
8.68
17.40
78.70
13.10
27.80
32.80
55.80
72.30
40.60
27.20
56.90
110.00
57.00
34.40
36.60
45.80
15.40
2.00
18.30
2.50
5.20
24.00
21.50
15.50
28.80
15.00
14.10
37.50
43.20
48.80
44.00
15.00
27.70
41.60
20.50
8.80
19.10
47.70
68.30
49.60
41.90
28.70
51.70
16.70
40.60
4.60
3.39
0.60
24.20
23.80
54.20
55.30
62.80
79.40
60.10
48.70
38.70
110.50
58.00
37.70
69.80
49.20
45.70
78.80
69.20
74.30
28.40
35.70
21.90
33.80
20.00
65.20
7.01
3.45
9.20
19.60
28.00
27.20
59.90
26.40
47.00
42.70
125.00
56.40
33.30
49.60
41.50
60.30
50.60
61.50
25.70
30.10
25.70
17.90
31.00
49.50
32.10
53.50
22.60
7.80
2.38
25.50
95.00
27.60
40.00
30.00
23.70
31.00
56.00
41.70
49.20
45.80
53.00
12.00
2.86
11.80
33.10
41.10
22.30
33.70
16.70
86.00
13.80
14.30
50.90
10.80
3.24
1.04
9.40
23.40
16.80
3.40
2.92
20.60
23.70
85.80
5.65
21.80
37.90
17.90
20.20
12.70
7.03
12.40
31.80
21.30
36.10
18.70
84.20
31.00
6.58
28.30
8.40
8.09
23.10
17.90
7.56
32.90
3.36
85.00
35.10
14.90
43.10
12.60
5.35
10.50
8.12
20.50
16.20
17.20
7.89
5.69
22.90
34.10
29.80
8.60
2.18
0.35
7.35
75.10
44.50
43.70
23.80
37.20
135.80
81.60
102.40
47.60
4.29
4.12
0.91
17.40
21.10
31.30
105.10
1.34
41.50
2.11
6.25
7.28
7.40
2.10
25.70
23.50
20.90
7.90
55.30
54.20
10.80
65.30
55.20
58.70
47.60
11.40
22.80
23.70
52.80
42.20
73.30
15.50
10.50
54.70
37.50
8.26
5.47
24.10
31.60
9.15
24.10
47.50
22.50
7.75
15.60
10.10
3.57
19.90
34.80
19.40
101.00
11.90
13.80
32.20
5.75
9.23
18.40
24.10
23.80
14.70
10.60
35.70
11.70
12.20
10.60
8.15
5.43
21.70
10.90
16.60
23.80
5.70
31.50
12.30
8.20
41.20
66.10
9.50
10.80
12.80
11.40
5.05
11.10
17.80
37.80
5.13
10.70
22.10
60.40
15.80
12.70
5.80
5.95
47.90
8.40
3.14
4.10
9.76
13.40
6.22
4.36
25.40
24.80
25.20
8.67
19.40
31.80
30.20
25.10
29.90
23.60
27.00
11.10
21.10
40.50
30.70
16.40
13.10
17.30
41.10
14.20
21.70
6.43
31.40
21.70
15.60
1.74
15.00
17.40
30.50
7.29
22.80
9.67
41.40
44.50
43.80
38.44
4.90
10.60
21.80
37.30
46.90
24.60
17.90
26.70
26.80
13.50
13.90
17.80
10.50
22.50
27.40
14.50
26.30
14.20
18.80
37.50
23.80
24.40
41.90
27.40
35.40
23.70
19.90
227.00
33.80
31.40
38.10
49.50
29.80
19.80
20.90
16.60
16.30
28.60
30.40
24.40
17.50
24.40
1.88
5.90
11.10
15.60
19.60
16.70
10.50
17.50
42.60
31.90
262.20
32.50
49.50
21.70
20.30
19.60
35.40
21.30
14.90
10.90
13.20
12.70
16.30
12.20
15.70
10.80
13.40
8.59
12.10
13.10
6.35
9.93
10.60
8.26
6.58
2.98
3.76
23.00
4.68
11.40
3.20
15.40
20.70
13.60
6.70
13.80
13.20
5.07
5.90
6.50
6.71
10.80
11.00
2.98
3.30
3.56
3.32
10.40
4.04
5.28
5.98
5.78
9.97
4.76
13.80
11.60
6.70
3.15
5.21
8.12
134.00
3.64
4.37
4.16
8.23
9.03
5.80
10.40
9.89
11.10
7.58
2.49
13.70
3.40
2.34
2.70
2.25
89.00
8.59
3.21
2.40
2.79
13.40
12.40
21.40
3.15
13.20
7.47
12.80
3.20
1.56
3.85
4.36
2.62
1.43
2.85
2.87
2.54
3.98
3.78
4.07
3.15
12.70
35.00
41.00
17.80
4.06
2.25
2.49
1.08
4.89
2.45
2.86
5.43
4.09
4.40
7.84
5.48
10.30
4.56
10.00
9.65
5.53
3.44
6.90
12.00
2.08
2.10
12.50
1.45
1.54
1.50
7.65
5.90
15.20
4.12
5.82
11.30
8.60
12.10
4.72
5.45
4.80
1.80
1.01
1.18
3.23
3.69
1.78
2.44
4.53
9.08
20.40
26.50
1.97
23.00
0.69
0.83
0.82
0.67
1.46
1.70
9.76
3.76
5.98
6.10
20.20
3.24
1.43
14.80
28.60
11.50
9.23
11.20
2.87
2.48
2.48
0.93
1.05
0.41
4.26
32.00
4.26
18.90
53.00
7.03
3.90
1.23
1.30
1.01
1.76
0.90
0.60
1.98
1.50
5.00
8.23
3.45
4.80
3.31
6.63
6.54
0.98
1.56
1.10
3.40
4.81
9.47
14.50
17.20
13.00
10.40
5.90
10.70
9.59
15.80
10.10
10.90
3.23
5.34
3.18
24.00
18.30
7.67
8.60
7.56
6.94
1.50
4.54
1.75
0.85
6.43
1.23
1.12
2.12
9.33
8.68
5.23
6.78
1.87
72.70
3.22
3.60
2.66
5.56
5.09
3.45
8.32
3.43
4.84
5.10
3.35
1.98
1.84
3.42
3.24
1.89
1.12
2.99
2.43
3.23
2.25
3.65
3.60
3.23
2.10
2.09
0.16
0.26
10.70
3.25
1.44
2.23
5.72
2.80
4.86
2.54
1.86
0.76
2.18
1.12
1.10
2.10
2.32
1.60
1.80
7.30
1.20
1.50
1.70
9.07
4.83
1.85
4.33
1.13
10.50
0.22
0.78
0.34
1.28
1.20
2.86
1.54
2.77
1.70
2.32
1.02
1.34
1.20
1.40
1.93
2.00
0.34
0.76
0.71
0.91
2.20
6.20
0.54
3.20
6.89
8.56
115.00
0.64
0.52
0.63
1.43
3.38
2.44
2.11
0.87
0.48
0.56
0.21
0.15
0.56
0.61
0.15
0.20
0.25
2.23
2.96
0.82
0.40
2.98
1.20
1.65
3.98
0.43
0.45
0.48
1.90
18.80
3.09
1.56
0.89
0.34
0.11
0.92
0.93
0.84
0.12
0.15
3.43
1.87
0.28
0.26
1.37
0.54
0.45